0 0.4328125 0.39453125 0.06484375 0.25859375
0 0.621875 0.7671875 0.06328125 0.13984375
0 0.13359375 0.64140625 0.03515625 0.115625
0 0.20703125 0.321875 0.071875 0.12265625
0 0.0625 0.23125 0.06796875 0.115625
0 0.30703125 0.86484375 0.06328125 0.121875
0 0.73828125 0.68203125 0.0328125 0.07578125
0 0.6953125 0.49140625 0.021875 0.071875
0 0.7421875 0.484375 0.02421875 0.04921875
0 0.56171875 0.44296875 0.03203125 0.09453125
0 0.221875 0.2765625 0.0265625 0.13515625
0 0.62265625 0.1265625 0.025 0.075
0 0.62734375 0.3359375 0.021875 0.05